element	concentration	error	unit	date
cfc11	207.414078498178	0.0	0	2017.3753424657532
cfc12	464.068424928472	0.0	0	2017.3753424657532
cfc113	63.3138043575026	0.0	0	2017.3753424657532
cfc12	489.445394821133	0.0	0	2017.8438356164384
cfc113	71.2991401273758	0.0	0	2017.8438356164384
cfc11	206.765923846716	0.0	0	2018.3945205479447
cfc12	545.415730299343	0.0	0	2018.3945205479447
cfc113	56.2944984580156	0.0	0	2018.3945205479447
cfc11	220.089128392231	0.0	0	2018.86301369863
cfc12	443.962758522805	0.0	0	2018.86301369863
cfc113	66.8569383612482	0.0	0	2018.86301369863
