element	concentration	error	unit	date
cfc11	31.17695959	0.0	0	2017.3753424657532
cfc12	235.8667625	0.0	0	2017.3753424657532
cfc113	12.9634276	0.0	0	2017.3753424657532
cfc11	31.0249815781982	0.0	0	2017.8438356164384
cfc12	206.449085557697	0.0	0	2017.8438356164384
cfc113	15.6222602547542	0.0	0	2017.8438356164384
cfc11	24.9879779726112	0.0	0	2018.3945205479447
cfc12	269.372778239318	0.0	0	2018.3945205479447
cfc113	21.4831559179248	0.0	0	2018.3945205479447
cfc11	38.5298860592888	0.0	0	2018.86301369863
cfc12	379.269250015034	0.0	0	2018.86301369863
cfc113	21.8243636448635	0.0	0	2018.86301369863
