element	concentration	error	unit	date
cfc11	39.594171756472	0.0	0	2013.841095890411
cfc12	611.570455886393	0.0	0	2013.841095890411
cfc113	55.2024826710938	0.0	0	2013.841095890411
cfc11	68.4514108151004	0.0	0	2014.4219178082192
cfc12	559.281770235354	0.0	0	2014.4219178082192
cfc113	50.2484210265277	0.0	0	2014.4219178082192
cfc11	27.6516969530193	0.0	0	2015.358904109589
cfc12	426.951275223176	0.0	0	2015.358904109589
cfc113	37.568851520992	0.0	0	2015.358904109589
cfc11	35.9531525415306	0.0	0	2017.8465753424657
cfc12	466.914538583119	0.0	0	2017.8465753424657
cfc113	18.4673411123123	0.0	0	2017.8465753424657
cfc11	28.0293253711327	0.0	0	2018.3945205479447
cfc12	525.663224653051	0.0	0	2018.3945205479447
cfc113	16.7460338394694	0.0	0	2018.3945205479447
cfc11	27.9372369742776	0.0	0	2018.86301369863
cfc12	385.614302043379	0.0	0	2018.86301369863
cfc113	18.1759369016697	0.0	0	2018.86301369863
cfc11	29.5766439219566	0.0	0	2019.4027397260277
cfc12	398.436256273054	0.0	0	2019.4027397260277
cfc113	21.2993760465958	0.0	0	2019.4027397260277
cfc11	67.4669644387275	0.0	0	2020.1342465753423
cfc12	521.315621418764	0.0	0	2020.1342465753423
cfc113	31.5895977421005	0.0	0	2020.1342465753423
