element	concentration	error	unit	date
cfc11	138.3076467	0.0	0	2016.86301369863
cfc12	597.331833	0.0	0	2016.86301369863
cfc113	42.7409485	0.0	0	2016.86301369863
cfc11	130.7314235	0.0	0	2017.3780821917808
cfc12	590.3288822	0.0	0	2017.3780821917808
cfc113	38.81422728	0.0	0	2017.3780821917808
cfc11	100.7759597	0.0	0	2017.8465753424657
cfc12	555.0968457	0.0	0	2017.8465753424657
cfc113	43.45936436	0.0	0	2017.8465753424657
cfc11	170.5950784	0.0	0	2018.3972602739725
cfc12	580.2204867	0.0	0	2018.3972602739725
cfc113	34.29214751	0.0	0	2018.3972602739725
cfc11	114.0719818	0.0	0	2018.8657534246572
cfc12	616.067684	0.0	0	2018.8657534246572
cfc113	37.58564428	0.0	0	2018.8657534246572
cfc11	143.2702584	0.0	0	2020.131506849315
cfc12	383.2264642	0.0	0	2020.131506849315
cfc113	39.69803921	0.0	0	2020.131506849315
cfc11	126.2661428	0.0	0	2020.7205479452052
cfc12	775.8596377	0.0	0	2020.7205479452052
cfc113	50.41594265	0.0	0	2020.7205479452052
cfc11	140.9148573	0.0	0	2021.358904109589
cfc12	705.6983563	0.0	0	2021.358904109589
cfc113	39.34415355	0.0	0	2021.358904109589
cfc11	180.0133199	0.0	0	2022.4849315068493
cfc12	588.3162394	0.0	0	2022.4849315068493
cfc113	27.04613644	0.0	0	2022.4849315068493
cfc11	169.8749186	0.0	0	2024.1041095890407
cfc12	551.4942788	0.0	0	2024.1041095890407
cfc113	41.78175993	0.0	0	2024.1041095890407
