element	concentration	error	unit	date
cfc11	3.553153161	0.0	0	2009.676712328767
cfc12	40.80018707	0.0	0	2009.676712328767
cfc113	2.816533109	0.0	0	2009.676712328767
cfc11	0.457603059	0.0	0	2009.849315068493
cfc12	49.20625576	0.0	0	2009.849315068493
cfc113	9.153732604	0.0	0	2009.849315068493
cfc11	4.837671864	0.0	0	2016.295890410959
cfc12	52.48667281	0.0	0	2016.295890410959
cfc113	5.427107234	0.0	0	2016.295890410959
cfc11	4.32270739	0.0	0	2016.86301369863
cfc12	42.64124363	0.0	0	2016.86301369863
cfc113	5.981327969	0.0	0	2016.86301369863
cfc11	2.498009096	0.0	0	2017.3780821917808
cfc12	58.14426684	0.0	0	2017.3780821917808
cfc113	10.79964823	0.0	0	2017.3780821917808
cfc11	2.806192212	0.0	0	2017.8438356164384
cfc12	40.95946233	0.0	0	2017.8438356164384
cfc113	13.90685101	0.0	0	2017.8438356164384
cfc11	15.49313108	0.0	0	2018.3945205479447
cfc12	84.92154676	0.0	0	2018.3945205479447
cfc113	11.60027776	0.0	0	2018.3945205479447
cfc11	10.07639586	0.0	0	2018.86301369863
cfc12	44.03809678	0.0	0	2018.86301369863
cfc113	9.345982628	0.0	0	2018.86301369863
cfc11	26.33878865	0.0	0	2020.131506849315
cfc12	47.23169502	0.0	0	2020.131506849315
cfc113	9.316763606	0.0	0	2020.131506849315
cfc11	11.86860827	0.0	0	2020.7232876712328
cfc12	91.17577483	0.0	0	2020.7232876712328
cfc113	12.54648144	0.0	0	2020.7232876712328
cfc11	2.082645983	0.0	0	2021.358904109589
cfc12	16.68012203	0.0	0	2021.358904109589
cfc113	2.367325908	0.0	0	2021.358904109589
cfc11	7.855578339	0.0	0	2022.490410958904
cfc12	12.07572673	0.0	0	2022.490410958904
cfc113	3.026124503	0.0	0	2022.490410958904
cfc11	3.513125353	0.0	0	2024.1041095890407
cfc12	3.719521381	0.0	0	2024.1041095890407
cfc113	4.92136942	0.0	0	2024.1041095890407
