element	concentration	error	unit	date
cfc11	4.837671864	0.0	0	2016.295890410959
cfc12	52.48667281	0.0	0	2016.295890410959
cfc113	5.427107234	0.0	0	2016.295890410959
cfc11	4.32270739	0.0	0	2016.86301369863
cfc12	42.64124363	0.0	0	2016.86301369863
cfc113	5.981327969	0.0	0	2016.86301369863
cfc11	2.498009096	0.0	0	2017.3780821917808
cfc12	58.14426684	0.0	0	2017.3780821917808
cfc113	10.79964823	0.0	0	2017.3780821917808
cfc11	2.806192212	0.0	0	2017.8438356164384
cfc12	40.95946233	0.0	0	2017.8438356164384
cfc113	13.90685101	0.0	0	2017.8438356164384
