element	concentration	error	unit	date
cfc11	278.107378755613	0.0	0	2005.435616438356
cfc12	661.141115421665	0.0	0	2005.435616438356
cfc113	99.8644758094094	0.0	0	2005.435616438356
cfc11	241.232924731756	0.0	0	2006.504109589041
cfc12	464.925516306645	0.0	0	2006.504109589041
cfc113	78.5956915765017	0.0	0	2006.504109589041
cfc11	273.552455177377	0.0	0	2007.13698630137
cfc12	425.200436420999	0.0	0	2007.13698630137
cfc113	72.0347865199413	0.0	0	2007.13698630137
cfc11	239.448436376084	0.0	0	2007.8958904109588
cfc12	539.430272948373	0.0	0	2007.8958904109588
cfc113	77.9083384910316	0.0	0	2007.8958904109588
cfc11	234.375116574465	0.0	0	2010.8931506849317
cfc12	476.387634604424	0.0	0	2010.8931506849317
cfc113	68.5511120092745	0.0	0	2010.8931506849317
