element	concentration	error	unit	date
cfc11	54.8023853426995	0.0	0	2015.358904109589
cfc12	228.263669537399	0.0	0	2015.358904109589
cfc113	26.5011568144572	0.0	0	2015.358904109589
cfc11	22.9596229449816	0.0	0	2016.0876712328768
cfc12	265.385352743545	0.0	0	2016.0876712328768
cfc113	7.50053665541769	0.0	0	2016.0876712328768
cfc11	35.3512182828717	0.0	0	2016.295890410959
cfc12	253.915078868624	0.0	0	2016.295890410959
cfc113	9.48948370755877	0.0	0	2016.295890410959
cfc11	35.9820549658723	0.0	0	2016.86301369863
cfc12	305.376882850113	0.0	0	2016.86301369863
cfc113	8.01190121357307	0.0	0	2016.86301369863
