element	concentration	error	unit	date
cfc11	22.9596229449816	0.0	0	2016.0876712328768
cfc12	265.385352743545	0.0	0	2016.0876712328768
cfc113	7.50053665541769	0.0	0	2016.0876712328768
cfc11	35.3512182828717	0.0	0	2016.295890410959
cfc12	253.915078868624	0.0	0	2016.295890410959
cfc113	9.48948370755877	0.0	0	2016.295890410959
cfc11	35.9820549658723	0.0	0	2016.86301369863
cfc12	305.376882850113	0.0	0	2016.86301369863
cfc113	8.01190121357307	0.0	0	2016.86301369863
cfc11	31.17695959	0.0	0	2017.3753424657532
cfc12	235.8667625	0.0	0	2017.3753424657532
cfc113	12.9634276	0.0	0	2017.3753424657532
cfc11	31.0249815781982	0.0	0	2017.8438356164384
cfc12	206.449085557697	0.0	0	2017.8438356164384
cfc113	15.6222602547542	0.0	0	2017.8438356164384
