element	concentration	error	unit	date
cfc11	8.91163639869242	0.0	0	2004.6986301369864
cfc12	378.344063064291	0.0	0	2004.6986301369864
cfc113	32.7674349049302	0.0	0	2004.6986301369864
cfc11	4.90072485653779	0.0	0	2004.6986301369864
cfc12	379.006496138866	0.0	0	2004.6986301369864
cfc113	19.0458350665594	0.0	0	2004.6986301369864
cfc11	3.02357382270575	0.0	0	2004.8328767123287
cfc12	393.072812458562	0.0	0	2004.8328767123287
cfc113	2.36768907976495	0.0	0	2004.8328767123287
cfc11	3.54482943536896	0.0	0	2004.9479452054795
cfc12	371.373716703249	0.0	0	2004.9479452054795
cfc113	4.21371319601313	0.0	0	2004.9479452054795
cfc11	4.2240544327498	0.0	0	2005.435616438356
cfc12	477.340035141337	0.0	0	2005.435616438356
cfc113	8.81802554264662	0.0	0	2005.435616438356
cfc11	15.5758140070025	0.0	0	2006.5013698630137
cfc12	299.90990791553	0.0	0	2006.5013698630137
cfc113	17.448851697623	0.0	0	2006.5013698630137
cfc11	28.0067513154349	0.0	0	2009.4438356164385
cfc12	305.24020764727	0.0	0	2009.4438356164385
cfc113	36.384820989538	0.0	0	2009.4438356164385
cfc11	17.1544977875297	0.0	0	2010.890410958904
cfc12	264.091125328623	0.0	0	2010.890410958904
cfc113	12.1568356544072	0.0	0	2010.890410958904
cfc11	27.5295947438001	0.0	0	2011.2410958904109
cfc12	322.589887820945	0.0	0	2011.2410958904109
cfc113	9.54534083246123	0.0	0	2011.2410958904109
