element	concentration	error	unit	date
cfc11	466.62611	0.0	0	2004.6986301369864
cfc12	479.384351	0.0	0	2004.6986301369864
cfc113	64.1056903	0.0	0	2004.6986301369864
cfc11	474.232445	0.0	0	2004.6986301369864
cfc12	486.310001	0.0	0	2004.6986301369864
cfc113	70.8547912	0.0	0	2004.6986301369864
cfc11	502.430213	0.0	0	2004.8328767123287
cfc12	552.223732	0.0	0	2004.8328767123287
cfc113	58.1440237	0.0	0	2004.8328767123287
cfc11	466.771535	0.0	0	2004.9479452054795
cfc12	576.656681	0.0	0	2004.9479452054795
cfc113	55.1003519	0.0	0	2004.9479452054795
cfc11	460.181997	0.0	0	2006.5013698630137
cfc12	408.010553	0.0	0	2006.5013698630137
cfc113	52.3564432	0.0	0	2006.5013698630137
