element	concentration	error	unit	date
cfc11	28.1142628367994	0.0	0	2013.841095890411
cfc12	192.909354571443	0.0	0	2013.841095890411
cfc113	17.7002486649588	0.0	0	2013.841095890411
cfc11	113.445708716385	0.0	0	2014.4219178082192
cfc12	323.256946033578	0.0	0	2014.4219178082192
cfc113	63.5440459036107	0.0	0	2014.4219178082192
cfc11	91.6524968479659	0.0	0	2015.358904109589
cfc12	776.325547564863	0.0	0	2015.358904109589
cfc113	80.3454187165112	0.0	0	2015.358904109589
cfc11	302.557848308575	0.0	0	2016.295890410959
cfc12	1062.6330829095	0.0	0	2016.295890410959
cfc113	63.754291889446	0.0	0	2016.295890410959
cfc11	121.56750023278	0.0	0	2017.3753424657532
cfc12	711.364433093087	0.0	0	2017.3753424657532
cfc113	37.8331927141486	0.0	0	2017.3753424657532
cfc11	21.4977391278415	0.0	0	2017.8438356164384
cfc12	134.798235943137	0.0	0	2017.8438356164384
cfc113	11.3732205028998	0.0	0	2017.8438356164384
cfc11	152.419526120082	0.0	0	2018.3972602739725
cfc12	594.164797179209	0.0	0	2018.3972602739725
cfc113	41.0549588786842	0.0	0	2018.3972602739725
cfc11	40.4935844851917	0.0	0	2018.86301369863
cfc12	281.443617374738	0.0	0	2018.86301369863
cfc113	16.7653746373719	0.0	0	2018.86301369863
cfc11	34.1673356664297	0.0	0	2019.4027397260277
cfc12	243.752095693444	0.0	0	2019.4027397260277
cfc113	230.946826205294	0.0	0	2019.4027397260277
cfc11	230.774293089526	0.0	0	2020.1342465753423
cfc12	763.00326166167	0.0	0	2020.1342465753423
cfc113	89.2474400314916	0.0	0	2020.1342465753423
