element	concentration	error	unit	date
cfc12	116.281983865626	0.0	0	2006.2602739726028
cfc11	13.9321061070851	0.0	0	2006.5013698630137
cfc12	93.55786377921	0.0	0	2006.5013698630137
cfc113	15.4581845021924	0.0	0	2006.5013698630137
cfc11	18.3307143926359	0.0	0	2009.4438356164385
cfc12	61.2118189715182	0.0	0	2009.4438356164385
cfc113	20.3895615207073	0.0	0	2009.4438356164385
cfc11	12.2025576748632	0.0	0	2010.890410958904
cfc12	96.9905990682471	0.0	0	2010.890410958904
cfc113	6.85511120092745	0.0	0	2010.890410958904
cfc11	14.3810051801646	0.0	0	2011.2410958904109
cfc12	138.383318622657	0.0	0	2011.2410958904109
cfc113	7.80944942662702	0.0	0	2011.2410958904109
