element	concentration	error	unit	date
cfc11	24.6904330260852	0.0	0	2004.6986301369864
cfc12	457.551687732949	0.0	0	2004.6986301369864
cfc113	77.063595528055	0.0	0	2004.6986301369864
cfc11	19.9497171566171	0.0	0	2004.8328767123287
cfc12	666.956999082628	0.0	0	2004.8328767123287
cfc113	40.0854452121193	0.0	0	2004.8328767123287
cfc11	15.6988700729754	0.0	0	2004.9479452054795
cfc12	615.807600354673	0.0	0	2004.9479452054795
cfc113	17.6936273275087	0.0	0	2004.9479452054795
cfc11	25.2355432571713	0.0	0	2005.2794520547943
cfc12	644.117387559103	0.0	0	2005.2794520547943
cfc113	42.9312478411317	0.0	0	2005.2794520547943
cfc11	24.55230223415	0.0	0	2005.3013698630136
cfc12	631.107015284198	0.0	0	2005.3013698630136
cfc113	41.4069180815369	0.0	0	2005.3013698630136
cfc11	23.0640087129724	0.0	0	2006.5013698630137
cfc12	470.621402835323	0.0	0	2006.5013698630137
cfc113	44.3135145540646	0.0	0	2006.5013698630137
cfc11	23.9249204853979	0.0	0	2007.1397260273973
cfc12	638.143055793658	0.0	0	2007.1397260273973
cfc113	179.376252099307	0.0	0	2007.1397260273973
cfc11	34.5143670246568	0.0	0	2007.8958904109588
cfc12	560.947838862065	0.0	0	2007.8958904109588
cfc113	44.7094924130882	0.0	0	2007.8958904109588
