element	concentration	error	unit	date
cfc11	69.7212216	0.0	0	2006.2602739726028
cfc12	409.853049	0.0	0	2006.2602739726028
cfc11	18.9199037	0.0	0	2006.504109589041
cfc12	345.300711	0.0	0	2006.504109589041
cfc113	25.3102388	0.0	0	2006.504109589041
cfc11	12.3933114	0.0	0	2007.1397260273973
cfc12	364.129876	0.0	0	2007.1397260273973
cfc113	57.9959873	0.0	0	2007.1397260273973
cfc11	18.3840079	0.0	0	2007.8958904109588
cfc12	343.439804	0.0	0	2007.8958904109588
cfc113	14.2420108	0.0	0	2007.8958904109588
