element	concentration	error	unit	date
cfc11	69.1488634723522	0.0	0	2015.358904109589
cfc12	246.067311227089	0.0	0	2015.358904109589
cfc113	41.5178124466932	0.0	0	2015.358904109589
cfc11	29.3238222642481	0.0	0	2016.0931506849315
cfc12	228.263669537399	0.0	0	2016.0931506849315
cfc113	21.9640970802683	0.0	0	2016.0931506849315
cfc11	34.4382335915741	0.0	0	2016.295890410959
cfc12	224.800033111054	0.0	0	2016.295890410959
cfc113	24.6439847502046	0.0	0	2016.295890410959
cfc11	46.1323270007589	0.0	0	2016.86301369863
cfc12	269.992692597915	0.0	0	2016.86301369863
cfc113	18.7699580488231	0.0	0	2016.86301369863
