element	concentration	error	unit	date
cfc11	67.3594606974685	0.0	0	2005.2794520547943
cfc12	607.887719255508	0.0	0	2005.2794520547943
cfc113	26.0304173775246	0.0	0	2005.2794520547943
cfc11	66.0998947028256	0.0	0	2005.3013698630136
cfc12	457.520166759787	0.0	0	2005.3013698630136
cfc113	26.7415567701771	0.0	0	2005.3013698630136
cfc11	61.4968103778844	0.0	0	2005.435616438356
cfc12	573.795909874123	0.0	0	2005.435616438356
cfc113	25.27522921643	0.0	0	2005.435616438356
cfc11	65.0082371956945	0.0	0	2006.504109589041
cfc12	811.389103224464	0.0	0	2006.504109589041
cfc113	21.8698246901822	0.0	0	2006.504109589041
