element	concentration	error	unit	date
cfc11	2.498009096	0.0	0	2017.3780821917808
cfc12	58.14426684	0.0	0	2017.3780821917808
cfc113	10.79964823	0.0	0	2017.3780821917808
cfc11	2.806192212	0.0	0	2017.8438356164384
cfc12	40.95946233	0.0	0	2017.8438356164384
cfc113	13.90685101	0.0	0	2017.8438356164384
cfc11	15.49313108	0.0	0	2018.3945205479447
cfc12	84.92154676	0.0	0	2018.3945205479447
cfc113	11.60027776	0.0	0	2018.3945205479447
cfc11	10.07639586	0.0	0	2018.86301369863
cfc12	44.03809678	0.0	0	2018.86301369863
cfc113	9.345982628	0.0	0	2018.86301369863
