element	concentration	error	unit	date
cfc11	15.49313108	0.0	0	2018.3945205479447
cfc12	84.92154676	0.0	0	2018.3945205479447
cfc113	11.60027776	0.0	0	2018.3945205479447
cfc11	10.07639586	0.0	0	2018.86301369863
cfc12	44.03809678	0.0	0	2018.86301369863
cfc113	9.345982628	0.0	0	2018.86301369863
cfc11	26.33878865	0.0	0	2020.131506849315
cfc12	47.23169502	0.0	0	2020.131506849315
cfc113	9.316763606	0.0	0	2020.131506849315
cfc11	11.86860827	0.0	0	2020.7232876712328
cfc12	91.17577483	0.0	0	2020.7232876712328
cfc113	12.54648144	0.0	0	2020.7232876712328
