element	concentration	error	unit	date
cfc11	225.337406121547	0.0	0	2016.0931506849315
cfc12	517.960397105513	0.0	0	2016.0931506849315
cfc113	83.7734535502832	0.0	0	2016.0931506849315
cfc11	224.785199737221	0.0	0	2016.295890410959
cfc12	517.272963780047	0.0	0	2016.295890410959
cfc113	67.7255566189095	0.0	0	2016.295890410959
cfc11	244.662828130016	0.0	0	2016.86301369863
cfc12	517.278064785338	0.0	0	2016.86301369863
cfc113	71.0116280419853	0.0	0	2016.86301369863
cfc11	207.414078498178	0.0	0	2017.3753424657532
cfc12	464.068424928472	0.0	0	2017.3753424657532
cfc113	63.3138043575026	0.0	0	2017.3753424657532
cfc12	489.445394821133	0.0	0	2017.8438356164384
cfc113	71.2991401273758	0.0	0	2017.8438356164384
