element	concentration	error	unit	date
cfc11	66.399693454254	0.0	0	2014.4219178082192
cfc12	312.595521757202	0.0	0	2014.4219178082192
cfc113	25.1552324115347	0.0	0	2014.4219178082192
cfc11	54.8023853426995	0.0	0	2015.358904109589
cfc12	228.263669537399	0.0	0	2015.358904109589
cfc113	26.5011568144572	0.0	0	2015.358904109589
cfc11	22.9596229449816	0.0	0	2016.0876712328768
cfc12	265.385352743545	0.0	0	2016.0876712328768
cfc113	7.50053665541769	0.0	0	2016.0876712328768
cfc11	35.3512182828717	0.0	0	2016.295890410959
cfc12	253.915078868624	0.0	0	2016.295890410959
cfc113	9.48948370755877	0.0	0	2016.295890410959
cfc11	35.9820549658723	0.0	0	2016.86301369863
cfc12	305.376882850113	0.0	0	2016.86301369863
cfc113	8.01190121357307	0.0	0	2016.86301369863
cfc11	31.17695959	0.0	0	2017.3753424657532
cfc12	235.8667625	0.0	0	2017.3753424657532
cfc113	12.9634276	0.0	0	2017.3753424657532
cfc11	31.0249815781982	0.0	0	2017.8438356164384
cfc12	206.449085557697	0.0	0	2017.8438356164384
cfc113	15.6222602547542	0.0	0	2017.8438356164384
cfc11	24.9879779726112	0.0	0	2018.3945205479447
cfc12	269.372778239318	0.0	0	2018.3945205479447
cfc113	21.4831559179248	0.0	0	2018.3945205479447
cfc11	38.5298860592888	0.0	0	2018.86301369863
cfc12	379.269250015034	0.0	0	2018.86301369863
cfc113	21.8243636448635	0.0	0	2018.86301369863
cfc11	39.0421124418096	0.0	0	2019.4027397260277
cfc12	278.274310762577	0.0	0	2019.4027397260277
cfc113	24.1018664269152	0.0	0	2019.4027397260277
cfc11	22.8688252609136	0.0	0	2020.1342465753423
cfc12	274.232249373241	0.0	0	2020.1342465753423
cfc113	13.5061552664033	0.0	0	2020.1342465753423
cfc11	29.08297992	0.0	0	2021.358904109589
cfc12	254.6245887	0.0	0	2021.358904109589
cfc113	6.438960576	0.0	0	2021.358904109589
cfc11	8.532322143	0.0	0	2024.1041095890407
cfc12	242.7210687	0.0	0	2024.1041095890407
cfc113	15.32426668	0.0	0	2024.1041095890407
