element	concentration	error	unit	date
cfc11	121.56750023278	0.0	0	2017.3753424657532
cfc12	711.364433093087	0.0	0	2017.3753424657532
cfc113	37.8331927141486	0.0	0	2017.3753424657532
cfc11	21.4977391278415	0.0	0	2017.8438356164384
cfc12	134.798235943137	0.0	0	2017.8438356164384
cfc113	11.3732205028998	0.0	0	2017.8438356164384
cfc11	152.419526120082	0.0	0	2018.3972602739725
cfc12	594.164797179209	0.0	0	2018.3972602739725
cfc113	41.0549588786842	0.0	0	2018.3972602739725
cfc11	40.4935844851917	0.0	0	2018.86301369863
cfc12	281.443617374738	0.0	0	2018.86301369863
cfc113	16.7653746373719	0.0	0	2018.86301369863
