element	concentration	error	unit	date
cfc11	242.724123891551	0.0	0	2013.841095890411
cfc12	549.751432422357	0.0	0	2013.841095890411
cfc113	95.9705720429627	0.0	0	2013.841095890411
cfc12	546.256487903789	0.0	0	2014.4219178082192
cfc113	90.8919531409062	0.0	0	2014.4219178082192
cfc11	270.677632647266	0.0	0	2014.9479452054795
cfc12	594.02432196429	0.0	0	2014.9479452054795
cfc113	93.5736473410055	0.0	0	2014.9479452054795
cfc11	267.760744261194	0.0	0	2015.358904109589
cfc12	491.730700647589	0.0	0	2015.358904109589
cfc113	80.2609560171845	0.0	0	2015.358904109589
cfc11	225.337406121547	0.0	0	2016.0931506849315
cfc12	517.960397105513	0.0	0	2016.0931506849315
cfc113	83.7734535502832	0.0	0	2016.0931506849315
cfc11	224.785199737221	0.0	0	2016.295890410959
cfc12	517.272963780047	0.0	0	2016.295890410959
cfc113	67.7255566189095	0.0	0	2016.295890410959
cfc11	244.662828130016	0.0	0	2016.86301369863
cfc12	517.278064785338	0.0	0	2016.86301369863
cfc113	71.0116280419853	0.0	0	2016.86301369863
cfc11	207.414078498178	0.0	0	2017.3753424657532
cfc12	464.068424928472	0.0	0	2017.3753424657532
cfc113	63.3138043575026	0.0	0	2017.3753424657532
cfc12	489.445394821133	0.0	0	2017.8438356164384
cfc113	71.2991401273758	0.0	0	2017.8438356164384
cfc11	206.765923846716	0.0	0	2018.3945205479447
cfc12	545.415730299343	0.0	0	2018.3945205479447
cfc113	56.2944984580156	0.0	0	2018.3945205479447
cfc11	220.089128392231	0.0	0	2018.86301369863
cfc12	443.962758522805	0.0	0	2018.86301369863
cfc113	66.8569383612482	0.0	0	2018.86301369863
cfc11	220.929199810172	0.0	0	2019.4054794520548
cfc12	528.776955603242	0.0	0	2019.4054794520548
cfc113	86.5381936405417	0.0	0	2019.4054794520548
cfc11	225.340537732969	0.0	0	2020.131506849315
cfc12	481.714421427085	0.0	0	2020.131506849315
cfc113	72.5464977649176	0.0	0	2020.131506849315
cfc11	124.6272419	0.0	0	2021.358904109589
cfc12	1008.186	0.0	0	2021.358904109589
cfc113	73.01027399	0.0	0	2021.358904109589
cfc11	237.7313808	0.0	0	2024.1041095890407
cfc12	536.4100769	0.0	0	2024.1041095890407
cfc113	71.3297726	0.0	0	2024.1041095890407
