element	concentration	error	unit	date
cfc11	8.91163639869242	0.0	0	2004.6986301369864
cfc12	378.344063064291	0.0	0	2004.6986301369864
cfc113	32.7674349049302	0.0	0	2004.6986301369864
cfc11	4.90072485653779	0.0	0	2004.6986301369864
cfc12	379.006496138866	0.0	0	2004.6986301369864
cfc113	19.0458350665594	0.0	0	2004.6986301369864
cfc11	3.02357382270575	0.0	0	2004.8328767123287
cfc12	393.072812458562	0.0	0	2004.8328767123287
cfc113	2.36768907976495	0.0	0	2004.8328767123287
cfc11	3.54482943536896	0.0	0	2004.9479452054795
cfc12	371.373716703249	0.0	0	2004.9479452054795
cfc113	4.21371319601313	0.0	0	2004.9479452054795
cfc11	4.2240544327498	0.0	0	2005.435616438356
cfc12	477.340035141337	0.0	0	2005.435616438356
cfc113	8.81802554264662	0.0	0	2005.435616438356
