element	concentration	error	unit	date
cfc11	29.3238222642481	0.0	0	2016.0931506849315
cfc12	228.263669537399	0.0	0	2016.0931506849315
cfc113	21.9640970802683	0.0	0	2016.0931506849315
cfc11	34.4382335915741	0.0	0	2016.295890410959
cfc12	224.800033111054	0.0	0	2016.295890410959
cfc113	24.6439847502046	0.0	0	2016.295890410959
cfc11	46.1323270007589	0.0	0	2016.86301369863
cfc12	269.992692597915	0.0	0	2016.86301369863
cfc113	18.7699580488231	0.0	0	2016.86301369863
cfc11	34.5624497635545	0.0	0	2017.8438356164384
cfc12	211.18278268949	0.0	0	2017.8438356164384
cfc113	20.5218537323469	0.0	0	2017.8438356164384
