element	concentration	error	unit	date
cfc11	15.8264674661381	0.0	0	2014.4219178082192
cfc12	412.141929861731	0.0	0	2014.4219178082192
cfc113	40.6818266731565	0.0	0	2014.4219178082192
cfc11	69.1488634723522	0.0	0	2015.358904109589
cfc12	246.067311227089	0.0	0	2015.358904109589
cfc113	41.5178124466932	0.0	0	2015.358904109589
cfc11	29.3238222642481	0.0	0	2016.0931506849315
cfc12	228.263669537399	0.0	0	2016.0931506849315
cfc113	21.9640970802683	0.0	0	2016.0931506849315
cfc11	34.4382335915741	0.0	0	2016.295890410959
cfc12	224.800033111054	0.0	0	2016.295890410959
cfc113	24.6439847502046	0.0	0	2016.295890410959
cfc11	46.1323270007589	0.0	0	2016.86301369863
cfc12	269.992692597915	0.0	0	2016.86301369863
cfc113	18.7699580488231	0.0	0	2016.86301369863
cfc11	34.5624497635545	0.0	0	2017.8438356164384
cfc12	211.18278268949	0.0	0	2017.8438356164384
cfc113	20.5218537323469	0.0	0	2017.8438356164384
cfc11	32.128529165396	0.0	0	2018.3945205479447
cfc12	284.534669029026	0.0	0	2018.3945205479447
cfc113	13.2114475254268	0.0	0	2018.3945205479447
cfc11	46.2106730047462	0.0	0	2018.86301369863
cfc12	339.591002157144	0.0	0	2018.86301369863
cfc113	18.2447882270313	0.0	0	2018.86301369863
cfc11	34.9321115121226	0.0	0	2019.4027397260277
cfc12	234.922428496905	0.0	0	2019.4027397260277
cfc113	17.9766301244051	0.0	0	2019.4027397260277
cfc11	43.7460942723738	0.0	0	2020.1342465753423
cfc12	316.225229774166	0.0	0	2020.1342465753423
cfc113	26.8803423107247	0.0	0	2020.1342465753423
