element	concentration	error	unit	date
cfc11	3.553153161	0.0	0	2009.676712328767
cfc12	40.80018707	0.0	0	2009.676712328767
cfc113	2.816533109	0.0	0	2009.676712328767
cfc11	0.457603059	0.0	0	2009.849315068493
cfc12	49.20625576	0.0	0	2009.849315068493
cfc113	9.153732604	0.0	0	2009.849315068493
cfc11	4.837671864	0.0	0	2016.295890410959
cfc12	52.48667281	0.0	0	2016.295890410959
cfc113	5.427107234	0.0	0	2016.295890410959
cfc11	4.32270739	0.0	0	2016.86301369863
cfc12	42.64124363	0.0	0	2016.86301369863
cfc113	5.981327969	0.0	0	2016.86301369863
